H               600.0    1    0    1    1
H-              600.0    1    0    1    1
H2              430.0    2    0    1    1
He              100.0    4    0    1    1
C               800.0   12    0    1    1
C-              800.0   12    0    1    1
CH              925.0   13    0    1    1
CH2            1050.0   14    0    1    1
N               800.0   14    0    1    1
CH3            1175.0   15    0    1    1
NH             2378.0   15    0    1    1
CH4            1090.0   16    0    1    1
NH2            3956.0   16    0    1    1
O               800.0   16    0    1    1
O-              800.0   16    0    1    1
NH3            5534.0   17    0    1    1
OH             2850.0   17    0    1    1
OH-            1260.0   17    0    1    1
H2O            4800.0   18    0    1    1
Na            11800.0   23    0    1    1
C2             1600.0   24    0    1    1
Mg             5300.0   24    0    1    1
NaH           12250.0   24    0    1    1
C2H            2137.0   25    0    1    1
MgH            5750.0   25    0    1    1
C2H2           2587.0   26    0    1    1
CN             1600.0   26    0    1    1
CN-            1510.0   26    0    1    1
MgH2           6200.0   26    0    1    1
C2H3           3037.0   27    0    1    1
HCN            2050.0   27    0    1    1
HNC            2050.0   27    0    1    1
C2H4           3487.0   28    0    1    1
CHNH           3303.0   28    0    1    1
CNH2           2400.0   28    0    1    1
CO             1150.0   28    0    1    1
H2CN           2400.0   28    0    1    1
N2              790.0   28    0    1    1
Si             2700.0   28    0    1    1
C2H5           3937.0   29    0    1    1
CH2NH          3428.0   29    0    1    1
CH3N           2850.0   29    0    1    1
CHNH2          4881.0   29    0    1    1
HCO            1600.0   29    0    1    1
HOC            3650.0   29    0    1    1
N2H            1450.0   29    0    1    1
SiH            3150.0   29    0    1    1
C2H6           2300.0   30    0    1    1
CH2NH2         5006.0   30    0    1    1
CH3NH          3553.0   30    0    1    1
CHOH           4634.0   30    0    1    1
H2CO           2050.0   30    0    1    1
HOCH           1910.0   30    0    1    1
N2H2           4756.0   30    0    1    1
NO             1600.0   30    0    1    1
SiH2           3600.0   30    0    1    1
CH2OH          5084.0   31    0    1    1
CH3O           5080.0   31    0    1    1
CH5N           6584.0   31    0    1    1
HNO            2050.0   31    0    1    1
HON            3650.0   31    0    1    1
SiH3           4050.0   31    0    1    1
CH3OH          4930.0   32    0    1    1
NH2OH          6806.0   33    0    1    1
O2             1000.0   32    0    1    1
S              1100.0   32    0    1    1
S-             1100.0   32    0    1    1
SiH4           4500.0   32    0    1    1
HS             1500.0   33    0    1    1
O2H            3650.0   33    0    1    1
H2O2           5700.0   34    0    1    1
H2S            2743.0   34    0    1    1
Cl              850.0   35    0    1    1
C3             2400.0   36    0    1    1
HCl             900.0   36    0    1    1
C3H            2937.0   37    0    1    1
C2N            2400.0   38    0    1    1
C3H2           3387.0   38    0    1    1
H2CCC          2110.0   38    0    1    1
C3H3           3837.0   39    0    1    1
HCCN           3780.0   39    0    1    1
C2O            1950.0   40    0    1    1
C3H4           4287.0   40    0    1    1
CH2CN          4230.0   40    0    1    1
CH3CCH         2470.0   40    0    1    1
NaOH          14650.0   40    0    1    1
SiC            3500.0   40    0    1    1
C3H5           4737.0   41    0    1    1
CH3CN          4680.0   41    0    1    1
HC2O           2400.0   41    0    1    1
HCSi           1050.0   41    0    1    1
C3H6           5187.0   42    0    1    1
CH2CO          2200.0   42    0    1    1
NH2CN          1200.0   42    0    1    1
OCN            2400.0   42    0    1    1
SiCH2          1100.0   42    0    1    1
SiN            3500.0   42    0    1    1
C3H7           5637.0   43    0    1    1
HNCO           2850.0   43    0    1    1
HNSi           1100.0   43    0    1    1
SiCH3          1150.0   43    0    1    1
C3H8           6087.0   44    0    1    1
CH3CHO         3800.0   44    0    1    1
CO2            2990.0   44    0    1    1
CS             1900.0   44    0    1    1
N2O            2400.0   44    0    1    1
SiO            3500.0   44    0    1    1
HCS            2350.0   45    0    1    1
NH2CHO         5556.0   45    0    1    1
NHNO           2850.0   45    0    1    1
C2H5OH         5200.0   46    0    1    1
CH3OCH3        3300.0   46    0    1    1
H2CS           2700.0   46    0    1    1
H2SiO          1200.0   46    0    1    1
HCOOH          5000.0   46    0    1    1
NH2NO          3300.0   46    0    1    1
NO2            2400.0   46    0    1    1
NS             1900.0   46    0    1    1
CCl            1150.0   47    0    1    1
C4             3200.0   48    0    1    1
O3             1800.0   48    0    1    1
SO             2600.0   48    0    1    1
C4H            3737.0   49    0    1    1
C3N            3200.0   50    0    1    1
C4H2           4187.0   50    0    1    1
C4H3           4637.0   51    0    1    1
ClO            1250.0   51    0    1    1
HC2NC          4580.0   51    0    1    1
HC3N           4580.0   51    0    1    1
HCNC2          4580.0   51    0    1    1
HNC3           4580.0   51    0    1    1
C3O            2750.0   52    0    1    1
C4H4           5087.0   52    0    1    1
CH2CCN         5030.0   52    0    1    1
NCCN           1300.0   52    0    1    1
SiC2           1300.0   52    0    1    1
C4H5           5537.0   53    0    1    1
CH2CHCN        5480.0   53    0    1    1
HC3O           3200.0   53    0    1    1
SiC2H          1350.0   53    0    1    1
C4H6           5987.0   54    0    1    1
H2C3O          3650.0   54    0    1    1
H4C3N          5930.0   54    0    1    1
SiC2H2         1400.0   54    0    1    1
SiNC           1350.0   54    0    1    1
H5C3N          6380.0   55    0    1    1
C2S            5320.0   56    0    1    1
Fe             4200.0   56    0    1    1
FeH            4650.0   57    0    1    1
CH3OCH3        3300.0   46    0    1    1
C5             4000.0   60    0    1    1
HCOOCH3        4000.0   60    0    1    1
OCS            2888.0   60    0    1    1
SiO2           4300.0   60    0    1    1
SiS            3800.0   60    0    1    1
C5H            4537.0   61    0    1    1
C4N            4000.0   62    0    1    1
C5H2           4987.0   62    0    1    1
C5H3           5437.0   63    0    1    1
CH3C4H         5887.0   64    0    1    1
S2             2200.0   64    0    1    1
SO2            5330.0   64    0    0    1
CH3C3N         6480.0   65    0    1    1
HS2            2650.0   65    0    1    1
SiC3H          1650.0   65    0    1    1
H2S2           3100.0   66    0    1    1
C3S            3500.0   68    0    1    1
C6             4800.0   72    0    1    1
C6H            5337.0   73    0    1    1
C5N            4800.0   74    0    1    1
C6H2           5787.0   74    0    1    1
C6H3           6237.0   75    0    1    1
HC5N           6180.0   75    0    1    1
C6H4           6687.0   76    0    1    1
H2C5N          6630.0   76    0    1    1
SiC4           1900.0   76    0    1    1
H3C5N          7080.0   77    0    1    1
C6H6           7587.0   78    0    1    1
C4S            4300.0   80    0    1    1
C7             5600.0   84    0    1    1
C7H            6137.0   85    0    1    1
C7H2           6587.0   86    0    1    1
C7H3           7037.0   87    0    1    1
C7H4           7487.0   88    0    1    1
CH3C6H         7487.0   88    0    1    1
CH3C5N         7880.0   89    0    1    1
C8             6400.0   96    0    1    1
C8H            6937.0   97    0    1    1
C7N            6400.0   98    0    1    1
C8H2           7387.0   98    0    1    1
C8H3           7837.0   99    0    1    1
HC7N           7780.0   99    0    1    1
C8H4           8287.0  100    0    1    1
H2C7N          8230.0  100    0    1    1
H3C7N          8680.0  101    0    1    1
C9             7200.0  108    0    1    1
C9H            7737.0  109    0    1    1
C9H2           8187.0  110    0    1    1
C9H3           8637.0  111    0    1    1
C9H4           9087.0  112    0    1    1
CH3C7N         9480.0  113    0    1    1
C10            8000.0  120    0    1    1
C9N            8000.0  122    0    1    1
HC9N           9380.0  123    0    1    1
H2C9N          9830.0  124    0    1    1
H3C9N         10280.0  125    0    1    1
C2H2N          3000.0   40    0    1    1
C3H2N          4000.0   52    0    1    1
C3H3N          4000.0   53    0    1    1
C5H2N          6000.0   76    0    1    1
C7H2N          7000.0  100    0    1    1
C9H2N          9000.0  124    0    1    1
N2H3           5000.0   31    0    1    1
N2H2N          5000.0   44    0    1    1
C2H3N          5000.0   41    0    1    1
C5H4           6000.0   64    0    1    1
C5H3N          6000.0   77    0    1    1
C7H3N          8000.0  101    0    1    1
C9H3N          9000.0  125    0    1    1
CH3NH2         5000.0   33    0    1    1
